CC	10	1	1	0	std	0400	1515	0000	0	NY
CL3	10	0.01	1	2	std	1800	1715	1745	0	NY
CT	5	0.01	1	2	std	0230	1515	0000	0	NY
ES	12.5	0.25	0.2	2	std	1530	1515	1525	60	NY	5	1
G6A	10	0.0001	0.5	3	std	1700	1600	1630	60	NY	0.0005	1
G6B	6.25	0.0001	1	2	std	1700	1600	1630	60	NY
G6C	10	0.0001	0.5	3	std	1700	1600	1630	60	NY	0.0005	1
G6E	12.5	0.0001	0.5	3	std	1700	1600	1630	60	NY	0.0005	1
G6J	12.5	0.0001	0.5	3	std	1700	1600	1630	60	NY	0.0005	1
G6N	10	0.0001	0.5	3	std	1700	1600	1630	60	NY	0.0005	1
G6S	12.5	0.0001	0.5	3	std	1700	1600	1630	60	NY	0.0005	1
GC3	10	0.1	1	1	std	1800	1715	1745	0	NY
GE	12.5	0.005	0.5	4	std	1700	1600	1630	60	NY
GF	12.5	0.025	0.5	3	std	1700	1600	1630	60	NY
HE	10	0.025	0.5	3	std	1700	1600	1630	60	NY
HG3	12.5	0.05	1	2	std	1800	1715	1745	0	NY
HO3	4.2	0.0001	1	4	std	1800	1715	1745	0	NY
JO	7.5	0.05	1	4	std	0700	1515	0000	0	NY
LE	10	0.025	0.5	3	std	1700	1600	1630	60	NY
NG3	10	0.001	1	3	std	1800	1715	1745	0	NY
NQ	5	0.25	0.2	2	std	1530	1515	1525	60	NY	3	1
RB3	4.2	0.0001	1	4	std	1800	1715	1745	0	NY
SB	11.2	0.0001	1	4	std	0230	1515	0000	0	NY
SI3	25	0.5	1	1	std	1800	1715	1745	0	NY
YM	5	1	1	0	std	1530	1515	1525	60	NY
ZB	15.625	0.015625	1	-4	std	1730	1600	1700	60	NY
ZC	6.25	0.125	1	-1	std	1800	1315	1600	60	NY
ZF	7.8125	0.015625	0.5	-4	std	1730	1600	1700	60	NY
ZG	10	0.1	1	1	std	1818	1600	1700	60	NY
ZI	5	0.001	1	3	std	1818	1600	1700	60	NY
ZL	3	0.005	1	3	std	1800	1315	1600	60	NY
ZM	10	0.1	1	2	std	1800	1315	1600	60	NY
ZN	15.625	0.015625	1	-4	std	1730	1600	1700	60	NY
ZO	6.25	0.125	1	-1	std	1800	1315	1600	60	NY
ZR	5	0.0025	1	4	std	1800	1315	1600	60	NY
ZS	6.25	0.125	1	-1	std	1800	1315	1600	60	NY
ZT	15.625	0.015625	0.5	-4	std	1730	1600	1700	60	NY
ZW	6.25	0.125	1	-1	std	1800	1315	1600	60	NY
